C 1.356955 0.000000 2.350315
C 0.702412 1.230622 2.621436
C 2.350315 0.000000 1.356955
C 1.356955 2.461244 2.350315
C 0.702412 3.691866 2.621436
C 2.621436 1.230622 0.702412
C 2.350315 2.461244 1.356955
C 2.350315 0.000000 -1.356955
C 2.621436 1.230622 -0.702412
C 1.356956 0.000000 -2.350315
C 1.356955 4.922489 2.350315
C 0.702412 6.153111 2.621436
C 2.621436 3.691866 0.702412
C 2.350315 4.922489 1.356955
C 2.350315 2.461244 -1.356955
C 2.621436 3.691866 -0.702412
C 0.702411 1.230622 -2.621436
C 1.356956 2.461244 -2.350315
C -1.356955 0.000000 -2.350315
C -0.702412 1.230622 -2.621436
C -2.350315 0.000000 -1.356956
C 1.356955 7.383733 2.350315
C 0.702412 8.614354 2.621436
C 2.621436 6.153111 0.702412
C 2.350315 7.383733 1.356955
C 2.350315 4.922489 -1.356955
C 2.621436 6.153111 -0.702412
C 0.702411 3.691866 -2.621436
C 1.356955 4.922489 -2.350315
C -1.356955 2.461244 -2.350315
C -0.702412 3.691866 -2.621436
C -2.621435 1.230622 -0.702413
C -2.350315 2.461244 -1.356955
C -2.350316 0.000000 1.356954
C -2.621436 1.230622 0.702410
C -1.356954 -0.000001 2.350315
C 1.356955 9.844977 2.350315
C 2.621436 8.614355 0.702411
C 2.350315 9.844976 1.356955
C 2.350315 7.383733 -1.356955
C 2.621436 8.614354 -0.702412
C 0.702411 6.153111 -2.621436
C 1.356955 7.383732 -2.350315
C -1.356955 4.922489 -2.350315
C -0.702412 6.153110 -2.621436
C -2.621436 3.691867 -0.702411
C -2.350315 4.922488 -1.356955
C -2.350316 2.461244 1.356954
C -2.621436 3.691866 0.702410
C -0.702412 1.230623 2.621436
C -1.356954 2.461244 2.350315
C 2.350315 9.844977 -1.356955
C 0.702411 8.614355 -2.621436
C 1.356956 9.844977 -2.350315
C -1.356955 7.383733 -2.350315
C -0.702412 8.614355 -2.621436
C -2.621436 6.153111 -0.702411
C -2.350315 7.383734 -1.356955
C -2.350316 4.922489 1.356954
C -2.621436 6.153111 0.702412
C -0.702411 3.691867 2.621436
C -1.356954 4.922489 2.350315
C -1.356955 9.844977 -2.350315
C -2.621436 8.614354 -0.702411
C -2.350315 9.844977 -1.356955
C -2.350315 7.383733 1.356955
C -2.621436 8.614354 0.702412
C -0.702411 6.153110 2.621436
C -1.356954 7.383733 2.350315
C -2.350315 9.844977 1.356955
C -0.702411 8.614354 2.621436
C -1.356954 9.844977 2.350315
