C 1.189724 0.710500 2.470487
C -0.000000 1.421000 2.742034
C 2.673285 0.710500 0.610160
C 2.143809 1.421000 1.709630
C 2.143809 0.710500 -1.709630
C 2.673286 1.421000 -0.610160
C 0.000000 0.710500 -2.742034
C 1.189724 1.421000 -2.470487
C -2.143809 0.710500 -1.709630
C -1.189723 1.421000 -2.470488
C -2.673286 0.710500 0.610159
C -2.673285 1.421000 -0.610160
C -1.189724 0.710500 2.470487
C -2.143808 1.421000 1.709631
C 0.000000 2.842000 2.742034
C 2.143809 2.842000 1.709630
C 1.189724 3.552500 2.470487
C 2.673286 2.842000 -0.610160
C 2.673285 3.552500 0.610160
C 1.189724 2.842000 -2.470487
C 2.143809 3.552500 -1.709630
C -1.189723 2.842000 -2.470488
C 0.000000 3.552500 -2.742034
C -2.673285 2.842000 -0.610160
C -2.143809 3.552500 -1.709630
C -2.143809 2.842000 1.709630
C -2.673286 3.552500 0.610159
C -1.189724 3.552500 2.470487
C 1.189724 4.973500 2.470487
C -0.000000 5.684000 2.742034
C 2.673285 4.973500 0.610160
C 2.143809 5.684000 1.709630
C 2.143809 4.973500 -1.709630
C 2.673286 5.684000 -0.610160
C 0.000000 4.973500 -2.742034
C 1.189724 5.684000 -2.470487
C -2.143809 4.973500 -1.709630
C -1.189723 5.684000 -2.470488
C -2.673286 4.973500 0.610159
C -2.673285 5.684000 -0.610160
C -1.189724 4.973500 2.470487
C -2.143808 5.684000 1.709631
C -0.000000 7.105000 2.742034
C 2.143809 7.105000 1.709630
C 1.189724 7.815500 2.470487
C 2.673286 7.105000 -0.610160
C 2.673285 7.815500 0.610160
C 1.189724 7.105000 -2.470487
C 2.143809 7.815500 -1.709630
C -1.189723 7.105000 -2.470488
C 0.000000 7.815500 -2.742034
C -2.673285 7.105000 -0.610160
C -2.143809 7.815500 -1.709630
C -2.143808 7.105000 1.709631
C -2.673285 7.815500 0.610160
C -1.189724 7.815500 2.470487
C 1.189724 9.236500 2.470487
C 2.673285 9.236500 0.610160
C 2.143809 9.236500 -1.709630
C 0.000000 9.236500 -2.742034
C -2.143809 9.236500 -1.709630
C -2.673286 9.236500 0.610159
C -1.189724 9.236500 2.470487
