C 1.408209 0.000000 5.941702
C 0.708898 1.230622 6.065009
C 2.740501 0.000000 5.456787
C 1.408209 2.461244 5.941702
C 0.708898 3.691866 6.065009
C 3.355465 1.230622 5.101737
C 2.740501 2.461245 5.456787
C 4.898003 0.000000 3.646428
C 4.441560 1.230622 4.190396
C 5.606901 0.000000 2.418581
C 1.408209 4.922489 5.941702
C 0.708898 6.153111 6.065009
C 3.355465 3.691867 5.101737
C 2.740501 4.922489 5.456787
C 4.898003 2.461245 3.646428
C 4.441560 3.691866 4.190396
C 5.849769 1.230623 1.751307
C 5.606901 2.461245 2.418581
C 6.095967 0.000000 -0.355049
C 6.095967 1.230622 0.355051
C 5.849769 0.000000 -1.751306
C 1.408209 7.383732 5.941702
C 0.708898 8.614355 6.065009
C 3.355465 6.153111 5.101737
C 2.740501 7.383734 5.456787
C 4.898003 4.922489 3.646428
C 4.441560 6.153111 4.190396
C 5.849769 3.691867 1.751307
C 5.606901 4.922489 2.418581
C 6.095967 2.461245 -0.355049
C 6.095967 3.691867 0.355051
C 5.606901 1.230623 -2.418580
C 5.849769 2.461245 -1.751306
C 4.441560 0.000001 -4.190395
C 4.898004 1.230623 -3.646427
C 3.355467 0.000001 -5.101736
C 1.408209 9.844977 5.941702
C 3.355465 8.614355 5.101737
C 2.740502 9.844977 5.456787
C 4.898003 7.383732 3.646428
C 4.441560 8.614355 4.190396
C 5.849769 6.153111 1.751307
C 5.606901 7.383734 2.418581
C 6.095967 4.922489 -0.355049
C 6.095967 6.153111 0.355051
C 5.606901 3.691867 -2.418580
C 5.849769 4.922489 -1.751306
C 4.441560 2.461245 -4.190395
C 4.898004 3.691867 -3.646427
C 2.740503 1.230623 -5.456786
C 3.355467 2.461245 -5.101736
C 0.708900 0.000001 -6.065009
C 1.408210 1.230623 -5.941701
C -0.708896 0.000001 -6.065009
C 4.898003 9.844977 3.646428
C 5.849769 8.614355 1.751307
C 5.606901 9.844978 2.418581
C 6.095967 7.383732 -0.355049
C 6.095967 8.614355 0.355051
C 5.606901 6.153111 -2.418580
C 5.849769 7.383734 -1.751306
C 4.441560 4.922489 -4.190395
C 4.898004 6.153111 -3.646427
C 2.740503 3.691867 -5.456786
C 3.355467 4.922489 -5.101736
C 0.708900 2.461245 -6.065009
C 1.408210 3.691867 -5.941701
C -1.408206 1.230623 -5.941703
C -0.708896 2.461245 -6.065009
C -3.355463 0.000001 -5.101738
C -2.740500 1.230623 -5.456788
C -4.441558 0.000001 -4.190397
C 6.095967 9.844977 -0.355049
C 5.606901 8.614355 -2.418580
C 5.849769 9.844978 -1.751306
C 4.441560 7.383732 -4.190395
C 4.898004 8.614355 -3.646427
C 2.740503 6.153111 -5.456786
C 3.355467 7.383734 -5.101736
C 0.708900 4.922490 -6.065009
C 1.408210 6.153111 -5.941701
C -1.408207 3.691867 -5.941702
C -0.708896 4.922489 -6.065009
C -3.355464 2.461245 -5.101738
C -2.740500 3.691867 -5.456788
C -4.898001 1.230623 -3.646431
C -4.441558 2.461245 -4.190397
C -5.849768 0.000000 -1.751309
C -5.606899 1.230623 -2.418585
C -6.095967 0.000002 -0.355051
C 4.441560 9.844978 -4.190395
C 2.740503 8.614356 -5.456786
C 3.355467 9.844976 -5.101736
C 0.708900 7.383734 -6.065009
C 1.408210 8.614354 -5.941701
C -1.408207 6.153111 -5.941702
C -0.708896 7.383732 -6.065009
C -3.355463 4.922490 -5.101738
C -2.740500 6.153111 -5.456788
C -4.898001 3.691868 -3.646431
C -4.441558 4.922488 -4.190397
C -5.849768 2.461246 -1.751309
C -5.606899 3.691866 -2.418585
C -6.095967 1.230623 0.355046
C -6.095967 2.461244 -0.355051
C -5.606903 0.000002 2.418577
C -5.849770 1.230623 1.751304
C -4.898005 0.000000 3.646426
C 0.708900 9.844977 -6.065009
C -1.408207 8.614356 -5.941702
C -0.708896 9.844978 -6.065009
C -3.355464 7.383734 -5.101738
C -2.740500 8.614355 -5.456788
C -4.898001 6.153111 -3.646431
C -4.441558 7.383734 -4.190397
C -5.849768 4.922489 -1.751309
C -5.606899 6.153111 -2.418585
C -6.095967 3.691866 0.355046
C -6.095967 4.922489 -0.355051
C -5.606903 2.461245 2.418577
C -5.849770 3.691868 1.751304
C -4.441561 1.230623 4.190395
C -4.898005 2.461245 3.646426
C -2.740504 0.000000 5.456786
C -3.355468 1.230623 5.101736
C -1.408213 0.000000 5.941701
C -3.355464 9.844978 -5.101738
C -4.898001 8.614356 -3.646431
C -4.441558 9.844976 -4.190397
C -5.849768 7.383734 -1.751309
C -5.606899 8.614354 -2.418585
C -6.095967 6.153112 0.355046
C -6.095967 7.383732 -0.355051
C -5.606903 4.922489 2.418577
C -5.849770 6.153110 1.751304
C -4.441561 3.691868 4.190395
C -4.898005 4.922489 3.646426
C -2.740504 2.461245 5.456786
C -3.355468 3.691866 5.101736
C -0.708901 1.230623 6.065009
C -1.408213 2.461244 5.941701
C -5.849768 9.844978 -1.751309
C -6.095967 8.614356 0.355046
C -6.095967 9.844978 -0.355051
C -5.606903 7.383732 2.418577
C -5.849770 8.614355 1.751304
C -4.441561 6.153111 4.190395
C -4.898005 7.383734 3.646426
C -2.740504 4.922489 5.456786
C -3.355468 6.153111 5.101736
C -0.708901 3.691866 6.065009
C -1.408213 4.922489 5.941701
C -5.606903 9.844978 2.418577
C -4.441561 8.614355 4.190395
C -4.898005 9.844978 3.646426
C -2.740504 7.383734 5.456786
C -3.355468 8.614356 5.101736
C -0.708901 6.153111 6.065009
C -1.408213 7.383734 5.941701
C -2.740504 9.844978 5.456786
C -0.708901 8.614355 6.065009
C -1.408213 9.844978 5.941701
